11:Kiev
1982, 1, 0.077,262.50, 61.42, 34.11, 47.76,
1982, 2, 0.084,264.78, 67.23, 24.00, 45.62,
1982, 3, 0.086,265.88, 67.65, 20.41, 44.03,
1982, 4, 0.084,266.90, 65.13, 19.09, 42.11,
1982, 5, 0.078,266.89, 55.58, 25.02, 40.30,
1982, 6, 0.074,267.40, 46.31, 29.78, 38.04,
1982, 7, 0.072,268.56, 39.36, 30.87, 35.11,
1982, 8, 0.073,269.94, 35.92, 31.50, 33.71,
1982, 9, 0.075,271.37, 33.32, 32.62, 32.97,
1982,10, 0.080,273.17, 30.70, 33.84, 32.27,
1982,11, 0.092,275.25, 31.51, 32.31, 31.91,
1982,12, 0.105,277.25, 31.32, 36.25, 33.78,
1982,13, 0.115,278.87, 27.75, 42.18, 34.96,
1982,14, 0.124,280.35, 21.70, 49.95, 35.82,
1982,15, 0.136,281.65, 14.57, 63.44, 39.01,
1982,16, 0.162,283.34, 13.11, 74.74, 43.93,
1982,17, 0.196,285.43, 15.05, 81.38, 48.22,
1982,18, 0.253,288.41, 26.76, 77.52, 52.14,
1982,19, 0.306,290.87, 36.29, 69.82, 53.06,
1982,20, 0.344,292.39, 39.93, 66.86, 53.40,
1982,21, 0.370,292.89, 40.35, 69.42, 54.88,
1982,22, 0.385,292.87, 37.51, 72.23, 54.87,
1982,23, 0.391,292.79, 32.86, 74.89, 53.87,
1982,24, 0.391,292.69, 28.93, 78.15, 53.54,
1982,25, 0.390,292.63, 26.52, 82.49, 54.51,
1982,26, 0.388,292.56, 24.63, 84.99, 54.81,
1982,27, 0.391,292.92, 27.50, 83.86, 55.68,
1982,28, 0.396,293.41, 35.44, 81.24, 58.34,
1982,29, 0.401,293.84, 43.99, 79.66, 61.82,
1982,30, 0.398,294.02, 47.81, 79.63, 63.72,
1982,31, 0.395,294.33, 48.91, 76.11, 62.51,
1982,32, 0.389,294.52, 47.91, 71.25, 59.58,
1982,33, 0.385,294.49, 49.40, 65.27, 57.34,
1982,34, 0.381,294.34, 54.26, 57.31, 55.78,
1982,35, 0.377,293.86, 61.34, 49.22, 55.28,
1982,36, 0.369,293.13, 67.77, 41.74, 54.76,
1982,37, 0.353,292.07, 71.33, 37.75, 54.54,
1982,38, 0.338,290.49, 74.27, 36.85, 55.56,
1982,39, 0.314,288.69, 72.48, 36.12, 54.30,
1982,40, 0.282,286.76, 66.92, 35.47, 51.20,
1982,41, 0.246,284.72, 57.93, 34.19, 46.06,
1982,42, 0.213,282.78, 50.97, 33.15, 42.06,
1982,43, 0.187,280.67, 49.75, 32.29, 41.02,
1982,44, 0.166,278.85, 50.45, 19.94, 35.20,
1982,45, 0.142,277.07, 47.39, 15.58, 31.48,
1982,46, 0.124,274.88, 48.69, 17.14, 32.91,
1982,47, 0.105,272.56, 47.66, 20.03, 33.85,
1982,48, 0.088,269.78, 42.81, 28.37, 35.59,
1982,49, 0.071,266.91, 33.31, 35.51, 34.41,
1982,50, 0.061,264.20, 29.10, 40.93, 35.02,
1982,51, 0.060,262.45, 33.61, 41.46, 37.54,
1982,52, 0.058,261.91, 35.67, 39.35, 37.51,
1983, 1, 0.056,262.28, 36.50, 34.43, 35.47,
1983, 2, 0.056,262.95, 35.56, 30.71, 33.14,
1983, 3, 0.058,263.67, 38.44, 28.74, 33.59,
1983, 4, 0.061,264.19, 42.13, 29.49, 35.81,
1983, 5, 0.061,264.16, 40.42, 35.20, 37.81,
1983, 6, 0.059,264.10, 35.26, 41.97, 38.61,
1983, 7, 0.060,264.66, 31.77, 45.78, 38.77,
1983, 8, 0.064,265.74, 30.65, 48.16, 39.41,
1983, 9, 0.072,267.32, 31.86, 49.02, 40.44,
1983,10, 0.084,269.56, 33.54, 48.76, 41.15,
1983,11, 0.099,272.46, 35.78, 44.52, 40.15,
1983,12, 0.119,275.73, 38.70, 43.18, 40.94,
1983,13, 0.144,279.21, 42.99, 40.88, 41.93,
1983,14, 0.171,282.30, 46.85, 38.83, 42.84,
1983,15, 0.203,285.11, 50.88, 39.58, 45.23,
1983,16, 0.235,287.26, 52.00, 45.13, 48.56,
1983,17, 0.272,289.54, 54.20, 46.36, 50.28,
1983,18, 0.306,291.30, 54.32, 49.04, 51.68,
1983,19, 0.336,292.72, 53.39, 50.50, 51.94,
1983,20, 0.360,293.80, 49.64, 52.32, 50.98,
1983,21, 0.375,294.32, 44.37, 55.00, 49.69,
1983,22, 0.392,294.81, 43.05, 53.17, 48.11,
1983,23, 0.398,294.73, 39.10, 55.96, 47.53,
1983,24, 0.393,294.25, 31.22, 62.68, 46.95,
1983,25, 0.389,294.21, 26.93, 66.10, 46.52,
1983,26, 0.388,294.42, 25.50, 65.14, 45.32,
1983,27, 0.382,294.47, 22.63, 67.02, 44.82,
1983,28, 0.366,294.20, 17.63, 72.54, 45.09,
1983,29, 0.346,293.94, 12.80, 77.90, 45.35,
1983,30, 0.329,293.85, 10.93, 80.46, 45.70,
1983,31, 0.326,293.83, 12.15, 80.49, 46.32,
1983,32, 0.332,293.94, 15.79, 77.20, 46.50,
1983,33, 0.338,293.99, 22.28, 70.96, 46.62,
1983,34, 0.338,294.05, 29.75, 60.94, 45.34,
1983,35, 0.340,294.29, 41.37, 43.62, 42.49,
1983,36, 0.328,293.48, 46.42, 37.27, 41.85,
1983,37, 0.309,292.27, 48.65, 35.22, 41.94,
1983,38, 0.289,290.80, 48.18, 32.65, 40.42,
1983,39, 0.265,288.63, 45.38, 36.99, 41.18,
1983,40, 0.244,286.68, 43.28, 36.39, 39.83,
1983,41, 0.219,284.43, 39.96, 38.03, 39.00,
1983,42, 0.194,281.82, 38.05, 44.77, 41.41,
1983,43, 0.167,279.49, 36.18, 44.28, 40.23,
1983,44, 0.139,276.52, 33.01, 40.76, 36.89,
1983,45, 0.115,273.48, 28.77, 41.68, 35.22,
1983,46, 0.094,270.66, 25.08, 42.91, 33.99,
1983,47, 0.080,267.93, 25.95, 44.33, 35.14,
1983,48, 0.073,265.91, 29.74, 45.91, 37.83,
1983,49, 0.066,264.07, 28.23, 47.12, 37.67,
1983,50, 0.063,262.41, 32.09, 48.13, 40.11,
1983,51, 0.059,260.46, 33.30, 49.50, 41.40,
1983,52, 0.055,258.35, 33.52, 53.19, 43.36,
