22:Ternopil'
1982, 1, 0.045,256.19, 38.16, 59.38, 48.77,
1982, 2, 0.047,258.77, 42.75, 49.09, 45.92,
1982, 3, 0.045,260.25, 43.44, 43.56, 43.50,
1982, 4, 0.040,261.37, 37.43, 40.81, 39.12,
1982, 5, 0.037,262.61, 30.04, 41.17, 35.60,
1982, 6, 0.035,263.47, 24.65, 42.49, 33.57,
1982, 7, 0.035,264.14, 22.80, 43.61, 33.20,
1982, 8, 0.037,265.79, 22.50, 42.95, 32.73,
1982, 9, 0.038,267.78, 21.73, 43.87, 32.80,
1982,10, 0.041,270.26, 20.93, 43.98, 32.46,
1982,11, 0.049,273.33, 21.53, 40.51, 31.02,
1982,12, 0.063,276.55, 22.84, 39.21, 31.03,
1982,13, 0.077,279.11, 21.73, 40.66, 31.20,
1982,14, 0.093,281.10, 18.76, 44.05, 31.41,
1982,15, 0.103,282.32, 11.12, 54.52, 32.82,
1982,16, 0.123,284.04,  6.16, 65.17, 35.66,
1982,17, 0.152,286.30,  4.88, 69.61, 37.25,
1982,18, 0.187,288.69,  5.75, 66.35, 36.05,
1982,19, 0.232,291.00,  8.51, 59.10, 33.80,
1982,20, 0.274,292.49, 11.15, 55.97, 33.56,
1982,21, 0.314,293.12, 14.15, 58.36, 36.25,
1982,22, 0.341,293.21, 14.80, 62.46, 38.63,
1982,23, 0.353,292.78, 13.56, 69.03, 41.30,
1982,24, 0.357,292.54, 11.42, 72.89, 42.16,
1982,25, 0.368,292.46, 12.87, 74.98, 43.92,
1982,26, 0.378,292.65, 14.86, 74.34, 44.60,
1982,27, 0.387,293.16, 19.00, 70.19, 44.60,
1982,28, 0.390,293.71, 24.17, 65.46, 44.81,
1982,29, 0.397,294.38, 35.17, 59.12, 47.15,
1982,30, 0.399,294.98, 43.68, 52.03, 47.86,
1982,31, 0.390,295.38, 43.73, 46.66, 45.20,
1982,32, 0.381,295.58, 43.23, 42.69, 42.96,
1982,33, 0.374,295.57, 43.90, 39.04, 41.47,
1982,34, 0.367,295.56, 45.74, 35.10, 40.42,
1982,35, 0.355,295.24, 47.72, 32.23, 39.98,
1982,36, 0.337,294.65, 49.20, 26.49, 37.84,
1982,37, 0.314,293.71, 48.10, 22.36, 35.23,
1982,38, 0.293,292.29, 45.56, 21.52, 33.54,
1982,39, 0.270,290.55, 41.28, 22.73, 32.01,
1982,40, 0.246,288.61, 36.88, 23.83, 30.35,
1982,41, 0.223,286.91, 36.01, 17.90, 26.95,
1982,42, 0.205,285.23, 39.53, 16.31, 27.92,
1982,43, 0.183,283.46, 42.48, 15.02, 28.75,
1982,44, 0.160,281.42, 43.83, 13.68, 28.75,
1982,45, 0.135,279.17, 42.66, 13.58, 28.12,
1982,46, 0.113,277.21, 41.37, 14.07, 27.72,
1982,47, 0.096,275.18, 42.50, 15.66, 29.08,
1982,48, 0.083,272.89, 43.14, 19.05, 31.09,
1982,49, 0.073,270.76, 42.32, 21.89, 32.11,
1982,50, 0.064,268.64, 40.27, 23.58, 31.92,
1982,51, 0.058,266.02, 42.01, 27.57, 34.79,
1982,52, 0.053,264.14, 41.76, 30.98, 36.37,
1983, 1, 0.049,263.40, 41.79, 31.39, 36.59,
1983, 2, 0.050,264.48, 45.57, 26.93, 36.25,
1983, 3, 0.053,266.35, 52.39, 20.21, 36.30,
1983, 4, 0.057,268.01, 55.18, 16.89, 36.04,
1983, 5, 0.058,268.44, 48.91, 21.90, 35.40,
1983, 6, 0.056,268.89, 40.92, 25.56, 33.24,
1983, 7, 0.057,270.51, 38.61, 24.26, 31.44,
1983, 8, 0.059,271.53, 36.60, 25.95, 31.27,
1983, 9, 0.062,271.98, 35.77, 31.21, 33.49,
1983,10, 0.069,273.26, 36.48, 34.82, 35.65,
1983,11, 0.077,274.18, 35.89, 38.18, 37.04,
1983,12, 0.092,275.32, 36.80, 44.33, 40.57,
1983,13, 0.112,276.67, 38.01, 50.46, 44.24,
1983,14, 0.136,278.75, 38.30, 54.78, 46.54,
1983,15, 0.171,282.38, 41.24, 53.34, 47.29,
1983,16, 0.212,285.33, 45.19, 55.11, 50.15,
1983,17, 0.258,287.92, 50.07, 55.79, 52.93,
1983,18, 0.307,289.92, 56.49, 54.85, 55.67,
1983,19, 0.353,291.43, 60.81, 54.53, 57.67,
1983,20, 0.388,293.19, 62.77, 48.86, 55.81,
1983,21, 0.410,293.63, 61.14, 52.91, 57.03,
1983,22, 0.424,293.83, 58.44, 55.98, 57.21,
1983,23, 0.430,293.97, 55.67, 56.96, 56.31,
1983,24, 0.418,293.15, 45.30, 66.44, 55.87,
1983,25, 0.413,293.26, 38.51, 65.77, 52.14,
1983,26, 0.409,293.77, 33.73, 60.83, 47.28,
1983,27, 0.399,293.59, 26.63, 64.71, 45.67,
1983,28, 0.381,293.17, 18.31, 72.26, 45.29,
1983,29, 0.365,292.63, 15.79, 80.68, 48.23,
1983,30, 0.355,292.43, 17.77, 83.29, 50.53,
1983,31, 0.361,292.71, 26.54, 79.84, 53.19,
1983,32, 0.366,293.12, 34.42, 72.92, 53.67,
1983,33, 0.371,293.77, 42.66, 60.99, 51.83,
1983,34, 0.375,294.16, 51.23, 51.80, 51.52,
1983,35, 0.376,294.52, 60.46, 40.09, 50.27,
1983,36, 0.366,293.93, 65.08, 33.32, 49.20,
1983,37, 0.344,292.64, 63.88, 31.48, 47.68,
1983,38, 0.326,291.65, 62.30, 27.20, 44.75,
1983,39, 0.307,290.25, 60.24, 25.55, 42.89,
1983,40, 0.276,288.12, 53.34, 28.92, 41.13,
1983,41, 0.239,285.74, 45.09, 30.59, 37.84,
1983,42, 0.201,283.36, 37.47, 34.16, 35.82,
1983,43, 0.164,281.20, 31.93, 32.97, 32.45,
1983,44, 0.134,278.33, 28.57, 34.53, 31.55,
1983,45, 0.109,275.12, 25.60, 37.50, 31.55,
1983,46, 0.087,271.88, 23.88, 40.75, 32.31,
1983,47, 0.071,269.13, 24.06, 42.32, 33.19,
1983,48, 0.059,267.58, 24.68, 40.93, 32.80,
1983,49, 0.049,266.11, 22.86, 40.81, 31.84,
1983,50, 0.042,264.84, 20.53, 39.23, 29.88,
1983,51, 0.038,264.43, 22.63, 33.99, 28.31,
1983,52, 0.039,264.17, 27.82, 30.59, 29.20,
