23:Transcarpathia
1982, 1, 0.061,253.43, 17.93, 90.95, 54.44,
1982, 2, 0.059,255.62, 16.96, 85.31, 51.13,
1982, 3, 0.060,258.56, 16.90, 74.56, 45.73,
1982, 4, 0.060,261.17, 16.45, 63.52, 39.98,
1982, 5, 0.061,263.92, 15.86, 53.34, 34.60,
1982, 6, 0.061,266.49, 14.98, 47.33, 31.15,
1982, 7, 0.067,268.74, 16.43, 44.98, 30.70,
1982, 8, 0.075,271.16, 19.05, 41.14, 30.09,
1982, 9, 0.085,273.95, 21.44, 37.05, 29.24,
1982,10, 0.100,276.91, 24.64, 33.62, 29.13,
1982,11, 0.111,279.06, 23.98, 35.94, 29.96,
1982,12, 0.127,280.96, 23.95, 37.36, 30.66,
1982,13, 0.141,282.17, 21.25, 37.52, 29.38,
1982,14, 0.155,282.49, 16.17, 44.55, 30.36,
1982,15, 0.162,282.36,  9.71, 56.11, 32.91,
1982,16, 0.181,282.74,  7.95, 65.55, 36.75,
1982,17, 0.213,283.94,  9.10, 69.82, 39.46,
1982,18, 0.249,285.36, 11.68, 70.19, 40.93,
1982,19, 0.303,287.28, 21.12, 59.79, 40.45,
1982,20, 0.348,289.03, 29.38, 47.90, 38.64,
1982,21, 0.383,289.96, 33.77, 45.40, 39.58,
1982,22, 0.404,290.59, 34.15, 44.97, 39.56,
1982,23, 0.412,290.97, 32.77, 45.60, 39.18,
1982,24, 0.409,290.81, 29.90, 50.74, 40.32,
1982,25, 0.413,290.89, 29.82, 53.23, 41.53,
1982,26, 0.415,291.06, 28.25, 56.72, 42.49,
1982,27, 0.419,291.17, 26.22, 64.63, 45.43,
1982,28, 0.423,291.37, 27.58, 69.14, 48.36,
1982,29, 0.437,291.84, 34.64, 66.16, 50.40,
1982,30, 0.452,292.45, 42.23, 60.32, 51.27,
1982,31, 0.458,292.81, 44.99, 56.45, 50.72,
1982,32, 0.467,293.06, 49.56, 53.19, 51.37,
1982,33, 0.476,293.15, 54.84, 49.12, 51.98,
1982,34, 0.469,292.76, 53.89, 47.39, 50.64,
1982,35, 0.461,292.66, 56.06, 36.46, 46.26,
1982,36, 0.457,292.74, 62.13, 18.77, 40.45,
1982,37, 0.440,292.23, 61.90, 10.82, 36.36,
1982,38, 0.421,291.36, 60.35,  7.54, 33.94,
1982,39, 0.396,290.25, 57.09,  5.78, 31.44,
1982,40, 0.364,288.69, 52.23,  6.19, 29.21,
1982,41, 0.335,286.86, 51.80,  6.56, 29.18,
1982,42, 0.310,285.04, 54.49,  8.34, 31.41,
1982,43, 0.281,283.02, 56.09, 15.60, 35.84,
1982,44, 0.251,281.19, 55.91, 18.21, 37.06,
1982,45, 0.224,279.44, 56.17, 17.75, 36.96,
1982,46, 0.198,277.60, 56.44, 15.15, 35.79,
1982,47, 0.165,275.18, 52.73, 17.18, 34.95,
1982,48, 0.136,272.87, 47.77, 21.09, 34.43,
1982,49, 0.115,270.31, 44.72, 25.96, 35.34,
1982,50, 0.095,266.83, 36.72, 34.40, 35.56,
1982,51, 0.078,263.55, 28.90, 43.15, 36.02,
1982,52, 0.065,260.89, 20.63, 53.31, 36.97,
1983, 1, 0.055,259.40, 11.30, 63.23, 37.26,
1983, 2, 0.052,258.84,  9.50, 70.88, 40.19,
1983, 3, 0.056,259.01, 11.65, 75.34, 43.49,
1983, 4, 0.060,260.14, 13.88, 73.12, 43.50,
1983, 5, 0.067,262.24, 17.41, 66.99, 42.20,
1983, 6, 0.076,264.18, 22.21, 63.73, 42.97,
1983, 7, 0.086,266.09, 26.14, 62.65, 44.39,
1983, 8, 0.092,267.43, 26.57, 64.84, 45.70,
1983, 9, 0.100,268.85, 27.91, 69.48, 48.70,
1983,10, 0.104,270.15, 25.11, 75.79, 50.45,
1983,11, 0.106,271.14, 19.50, 83.74, 51.62,
1983,12, 0.112,272.72, 15.62, 86.89, 51.25,
1983,13, 0.130,274.86, 15.39, 86.34, 50.86,
1983,14, 0.155,277.08, 16.20, 84.59, 50.40,
1983,15, 0.188,279.59, 21.84, 79.75, 50.79,
1983,16, 0.226,281.72, 27.91, 76.30, 52.10,
1983,17, 0.269,284.19, 32.63, 69.85, 51.24,
1983,18, 0.316,286.47, 38.76, 61.32, 50.04,
1983,19, 0.360,288.06, 43.81, 53.15, 48.48,
1983,20, 0.406,289.80, 51.36, 41.31, 46.34,
1983,21, 0.443,290.86, 56.57, 37.73, 47.15,
1983,22, 0.468,291.58, 58.49, 36.57, 47.53,
1983,23, 0.483,291.99, 59.61, 36.83, 48.22,
1983,24, 0.475,291.54, 53.46, 44.17, 48.81,
1983,25, 0.469,291.53, 49.12, 47.59, 48.36,
1983,26, 0.464,291.81, 45.28, 49.57, 47.42,
1983,27, 0.448,291.70, 35.25, 59.23, 47.24,
1983,28, 0.426,291.30, 25.16, 70.96, 48.06,
1983,29, 0.411,290.88, 20.18, 79.17, 49.68,
1983,30, 0.401,290.69, 17.22, 83.23, 50.23,
1983,31, 0.405,290.92, 19.40, 80.88, 50.14,
1983,32, 0.412,291.37, 22.30, 74.97, 48.64,
1983,33, 0.428,291.95, 29.91, 64.42, 47.17,
1983,34, 0.444,292.26, 39.86, 53.47, 46.66,
1983,35, 0.446,292.42, 48.04, 38.61, 43.33,
1983,36, 0.434,291.89, 51.09, 28.38, 39.74,
1983,37, 0.408,290.70, 47.27, 27.26, 37.26,
1983,38, 0.384,289.49, 43.84, 27.75, 35.79,
1983,39, 0.362,287.85, 41.97, 30.96, 36.47,
1983,40, 0.325,285.57, 35.86, 37.69, 36.78,
1983,41, 0.285,283.45, 30.50, 40.21, 35.35,
1983,42, 0.245,281.50, 26.50, 42.17, 34.34,
1983,43, 0.202,279.48, 20.44, 46.17, 33.31,
1983,44, 0.166,276.65, 15.99, 54.23, 35.11,
1983,45, 0.138,273.79, 12.60, 57.26, 34.93,
1983,46, 0.115,270.89, 12.43, 56.74, 34.58,
1983,47, 0.099,268.77, 14.96, 54.55, 34.75,
1983,48, 0.084,267.51, 15.60, 50.78, 33.19,
1983,49, 0.071,265.82, 14.92, 49.76, 32.34,
1983,50, 0.063,264.11, 12.03, 48.81, 30.42,
1983,51, 0.060,263.12, 14.32, 45.73, 30.03,
1983,52, 0.061,262.21, 18.21, 47.15, 32.68,
