6:Donets'k
1982, 1, 0.038,253.37, 46.09, 65.49, 55.79,
1982, 2, 0.036,254.53, 44.28, 59.57, 51.93,
1982, 3, 0.034,255.68, 41.53, 54.36, 47.95,
1982, 4, 0.033,257.90, 38.80, 47.60, 43.20,
1982, 5, 0.032,259.33, 35.55, 46.42, 40.98,
1982, 6, 0.030,259.42, 29.08, 52.45, 40.76,
1982, 7, 0.029,259.70, 22.35, 57.33, 39.84,
1982, 8, 0.030,261.96, 20.12, 55.84, 37.98,
1982, 9, 0.030,264.06, 16.70, 56.61, 36.65,
1982,10, 0.031,266.95, 14.54, 57.21, 35.87,
1982,11, 0.037,270.29, 16.12, 58.43, 37.27,
1982,12, 0.047,274.32, 19.62, 55.35, 37.48,
1982,13, 0.062,278.97, 24.48, 48.13, 36.31,
1982,14, 0.074,282.85, 24.88, 40.44, 32.66,
1982,15, 0.089,285.96, 24.86, 37.25, 31.05,
1982,16, 0.112,288.36, 26.61, 38.45, 32.53,
1982,17, 0.140,290.42, 27.59, 43.21, 35.40,
1982,18, 0.174,292.10, 29.12, 52.26, 40.69,
1982,19, 0.221,293.78, 33.71, 60.03, 46.87,
1982,20, 0.274,295.56, 40.80, 60.25, 50.52,
1982,21, 0.321,296.98, 47.68, 58.54, 53.11,
1982,22, 0.355,297.22, 50.89, 62.67, 56.78,
1982,23, 0.372,297.38, 50.21, 67.45, 58.83,
1982,24, 0.374,297.12, 48.44, 78.07, 63.26,
1982,25, 0.371,296.80, 48.61, 88.19, 68.40,
1982,26, 0.369,297.12, 51.63, 89.73, 70.68,
1982,27, 0.359,296.86, 48.34, 91.80, 70.07,
1982,28, 0.353,296.86, 50.28, 90.80, 70.54,
1982,29, 0.350,296.91, 53.20, 90.90, 72.05,
1982,30, 0.348,297.01, 57.08, 90.50, 73.79,
1982,31, 0.341,297.16, 59.62, 88.77, 74.19,
1982,32, 0.335,297.71, 62.02, 81.88, 71.95,
1982,33, 0.328,297.98, 63.08, 76.40, 69.74,
1982,34, 0.320,298.06, 65.07, 70.81, 67.94,
1982,35, 0.308,297.83, 66.86, 64.68, 65.77,
1982,36, 0.291,297.01, 65.85, 57.54, 61.69,
1982,37, 0.267,295.70, 61.97, 51.16, 56.56,
1982,38, 0.243,294.01, 58.91, 48.12, 53.51,
1982,39, 0.213,292.34, 52.40, 42.35, 47.38,
1982,40, 0.181,290.13, 42.96, 41.09, 42.02,
1982,41, 0.150,287.63, 35.35, 38.19, 36.77,
1982,42, 0.125,285.19, 31.85, 32.94, 32.40,
1982,43, 0.106,282.19, 30.85, 32.40, 31.63,
1982,44, 0.090,279.53, 29.95, 28.62, 29.28,
1982,45, 0.076,276.39, 28.25, 28.52, 28.39,
1982,46, 0.064,272.58, 27.33, 31.60, 29.46,
1982,47, 0.056,268.75, 27.06, 35.60, 31.33,
1982,48, 0.049,264.81, 26.31, 40.15, 33.23,
1982,49, 0.045,261.48, 25.79, 43.21, 34.50,
1982,50, 0.042,258.19, 26.96, 48.14, 37.55,
1982,51, 0.042,255.83, 32.65, 55.19, 43.92,
1982,52, 0.042,254.54, 40.50, 60.62, 50.56,
1983, 1, 0.041,254.27, 51.23, 61.38, 56.30,
1983, 2, 0.040,254.85, 50.86, 57.64, 54.25,
1983, 3, 0.039,255.78, 49.65, 52.97, 51.31,
1983, 4, 0.038,256.62, 45.89, 52.14, 49.02,
1983, 5, 0.036,258.61, 40.73, 48.52, 44.62,
1983, 6, 0.035,260.20, 34.39, 48.62, 41.51,
1983, 7, 0.035,262.34, 28.25, 47.50, 37.88,
1983, 8, 0.037,264.74, 26.49, 46.45, 36.47,
1983, 9, 0.039,267.47, 24.04, 45.28, 34.66,
1983,10, 0.042,271.88, 22.69, 40.31, 31.50,
1983,11, 0.050,277.08, 24.60, 33.16, 28.88,
1983,12, 0.060,281.54, 26.85, 27.49, 27.17,
1983,13, 0.076,285.62, 31.60, 22.96, 27.28,
1983,14, 0.097,288.35, 35.47, 20.19, 27.83,
1983,15, 0.122,290.62, 39.22, 19.91, 29.56,
1983,16, 0.147,291.79, 40.89, 25.07, 32.98,
1983,17, 0.177,292.64, 41.52, 32.59, 37.06,
1983,18, 0.212,294.11, 43.02, 39.87, 41.44,
1983,19, 0.252,295.82, 45.68, 45.00, 45.34,
1983,20, 0.292,297.35, 48.46, 45.83, 47.14,
1983,21, 0.317,298.40, 46.84, 46.60, 46.72,
1983,22, 0.326,298.48, 36.78, 51.56, 44.17,
1983,23, 0.323,298.69, 21.99, 55.09, 38.54,
1983,24, 0.311,298.69, 10.87, 62.24, 36.55,
1983,25, 0.297,298.79,  6.61, 67.70, 37.15,
1983,26, 0.285,299.12,  5.70, 69.07, 37.39,
1983,27, 0.282,299.41,  7.56, 66.97, 37.27,
1983,28, 0.275,299.27, 10.35, 68.24, 39.29,
1983,29, 0.273,298.92, 14.57, 72.19, 43.38,
1983,30, 0.274,298.36, 20.20, 77.72, 48.96,
1983,31, 0.285,297.85, 31.44, 82.13, 56.79,
1983,32, 0.296,297.53, 42.00, 83.38, 62.69,
1983,33, 0.304,297.33, 50.24, 82.30, 66.27,
1983,34, 0.306,297.04, 56.57, 80.21, 68.39,
1983,35, 0.302,296.82, 62.18, 74.69, 68.44,
1983,36, 0.285,295.76, 61.47, 70.86, 66.17,
1983,37, 0.265,294.46, 59.67, 64.86, 62.26,
1983,38, 0.247,292.84, 60.49, 61.44, 60.97,
1983,39, 0.225,290.33, 59.40, 64.90, 62.15,
1983,40, 0.209,288.36, 59.23, 60.26, 59.75,
1983,41, 0.190,285.68, 57.71, 58.15, 57.93,
1983,42, 0.169,282.81, 55.43, 55.27, 55.35,
1983,43, 0.142,279.95, 50.68, 49.89, 50.28,
1983,44, 0.111,276.68, 41.30, 46.91, 44.11,
1983,45, 0.086,272.90, 34.13, 47.85, 40.99,
1983,46, 0.070,269.33, 30.66, 47.17, 38.91,
1983,47, 0.058,266.54, 28.12, 45.51, 36.81,
1983,48, 0.051,264.72, 27.90, 40.77, 34.33,
1983,49, 0.045,263.37, 25.57, 35.42, 30.49,
1983,50, 0.044,261.88, 28.62, 32.57, 30.60,
1983,51, 0.045,260.36, 36.01, 35.36, 35.68,
1983,52, 0.043,258.49, 42.69, 42.35, 42.52,
