9:Kherson
1982, 1, 0.079,267.92, 43.33, 29.71, 36.52,
1982, 2, 0.074,267.83, 42.28, 28.60, 35.44,
1982, 3, 0.076,267.98, 44.17, 28.60, 36.38,
1982, 4, 0.077,268.75, 45.15, 28.16, 36.66,
1982, 5, 0.077,269.44, 44.22, 28.30, 36.26,
1982, 6, 0.077,270.80, 41.94, 29.01, 35.48,
1982, 7, 0.079,272.66, 38.69, 29.79, 34.24,
1982, 8, 0.083,274.57, 36.82, 30.67, 33.74,
1982, 9, 0.083,276.35, 32.82, 32.69, 32.75,
1982,10, 0.086,278.30, 29.76, 34.46, 32.11,
1982,11, 0.097,280.68, 31.32, 32.82, 32.07,
1982,12, 0.112,283.33, 33.72, 31.23, 32.48,
1982,13, 0.126,286.20, 35.04, 29.78, 32.41,
1982,14, 0.139,288.47, 34.43, 31.03, 32.73,
1982,15, 0.147,289.79, 31.51, 37.64, 34.57,
1982,16, 0.166,291.25, 30.45, 45.00, 37.72,
1982,17, 0.194,292.98, 31.25, 53.00, 42.13,
1982,18, 0.220,294.09, 31.02, 60.69, 45.85,
1982,19, 0.246,295.34, 30.44, 68.36, 49.40,
1982,20, 0.269,296.47, 30.95, 70.76, 50.86,
1982,21, 0.287,297.37, 33.81, 70.55, 52.18,
1982,22, 0.293,297.63, 34.63, 73.95, 54.29,
1982,23, 0.291,297.80, 35.38, 76.11, 55.75,
1982,24, 0.285,298.12, 35.79, 78.55, 57.17,
1982,25, 0.278,298.23, 35.04, 84.18, 59.61,
1982,26, 0.272,298.40, 35.43, 86.91, 61.17,
1982,27, 0.264,298.53, 34.90, 87.77, 61.34,
1982,28, 0.255,298.45, 34.20, 87.72, 60.96,
1982,29, 0.258,298.91, 39.49, 84.42, 61.95,
1982,30, 0.264,299.52, 46.13, 78.31, 62.22,
1982,31, 0.262,299.88, 49.70, 73.43, 61.56,
1982,32, 0.257,300.36, 52.36, 67.25, 59.81,
1982,33, 0.252,300.50, 53.46, 63.45, 58.46,
1982,34, 0.245,300.47, 52.97, 59.78, 56.38,
1982,35, 0.236,300.04, 51.63, 55.05, 53.34,
1982,36, 0.227,299.13, 50.46, 47.92, 49.19,
1982,37, 0.216,298.04, 48.70, 41.60, 45.15,
1982,38, 0.204,296.44, 47.82, 40.99, 44.41,
1982,39, 0.192,294.82, 47.32, 38.44, 42.88,
1982,40, 0.174,292.83, 42.56, 35.84, 39.20,
1982,41, 0.155,290.29, 37.10, 35.20, 36.15,
1982,42, 0.141,287.82, 34.92, 32.23, 33.58,
1982,43, 0.127,285.03, 32.93, 34.43, 33.68,
1982,44, 0.113,282.65, 30.22, 28.83, 29.53,
1982,45, 0.098,280.61, 27.06, 26.24, 26.65,
1982,46, 0.084,277.92, 23.66, 30.45, 27.06,
1982,47, 0.071,274.91, 19.79, 36.47, 28.13,
1982,48, 0.060,271.26, 16.78, 44.05, 30.41,
1982,49, 0.052,267.88, 14.70, 49.89, 32.29,
1982,50, 0.046,264.94, 13.44, 54.12, 33.78,
1982,51, 0.044,262.81, 14.80, 55.39, 35.09,
1982,52, 0.045,261.67, 16.63, 55.08, 35.86,
1983, 1, 0.044,261.47, 17.88, 54.41, 36.15,
1983, 2, 0.043,261.65, 19.03, 52.54, 35.79,
1983, 3, 0.044,262.56, 21.11, 49.09, 35.10,
1983, 4, 0.046,263.61, 22.59, 47.07, 34.83,
1983, 5, 0.048,265.64, 23.87, 42.38, 33.13,
1983, 6, 0.048,266.94, 22.47, 43.35, 32.91,
1983, 7, 0.052,268.34, 22.22, 45.81, 34.01,
1983, 8, 0.059,269.86, 23.43, 47.94, 35.69,
1983, 9, 0.066,272.13, 24.11, 48.59, 36.35,
1983,10, 0.079,275.54, 26.09, 44.97, 35.53,
1983,11, 0.097,280.30, 30.31, 34.20, 32.26,
1983,12, 0.116,284.37, 34.63, 26.23, 30.43,
1983,13, 0.141,287.94, 40.09, 20.84, 30.47,
1983,14, 0.164,290.08, 43.42, 21.82, 32.62,
1983,15, 0.186,291.64, 45.30, 25.68, 35.49,
1983,16, 0.205,293.01, 44.24, 31.34, 37.79,
1983,17, 0.223,294.48, 41.98, 38.97, 40.47,
1983,18, 0.244,296.08, 40.54, 41.26, 40.90,
1983,19, 0.258,297.05, 36.23, 49.96, 43.09,
1983,20, 0.265,297.74, 30.48, 56.45, 43.47,
1983,21, 0.268,298.46, 26.89, 58.57, 42.73,
1983,22, 0.264,298.81, 22.60, 61.60, 42.10,
1983,23, 0.258,298.80, 21.31, 65.38, 43.34,
1983,24, 0.250,298.78, 20.33, 70.12, 45.22,
1983,25, 0.247,299.28, 21.44, 72.42, 46.93,
1983,26, 0.246,299.55, 24.49, 74.99, 49.74,
1983,27, 0.244,299.70, 26.71, 76.67, 51.69,
1983,28, 0.237,299.40, 27.41, 78.98, 53.19,
1983,29, 0.233,299.04, 29.01, 82.46, 55.73,
1983,30, 0.232,298.50, 32.19, 85.65, 58.92,
1983,31, 0.240,298.15, 39.80, 86.44, 63.12,
1983,32, 0.249,298.30, 48.49, 83.19, 65.84,
1983,33, 0.257,298.57, 55.60, 78.88, 67.24,
1983,34, 0.260,298.67, 60.05, 74.90, 67.47,
1983,35, 0.258,298.97, 62.03, 64.75, 63.39,
1983,36, 0.243,298.12, 58.68, 57.46, 58.07,
1983,37, 0.226,297.49, 54.08, 47.19, 50.63,
1983,38, 0.209,296.51, 50.56, 40.46, 45.51,
1983,39, 0.190,294.45, 46.02, 42.64, 44.33,
1983,40, 0.174,292.46, 42.19, 40.36, 41.28,
1983,41, 0.157,289.81, 37.62, 40.91, 39.27,
1983,42, 0.142,287.06, 34.74, 40.01, 37.38,
1983,43, 0.127,283.87, 32.44, 44.22, 38.33,
1983,44, 0.112,280.44, 29.56, 44.76, 37.16,
1983,45, 0.103,277.86, 29.20, 43.76, 36.48,
1983,46, 0.096,274.85, 29.29, 47.78, 38.54,
1983,47, 0.089,272.06, 28.90, 51.88, 40.39,
1983,48, 0.082,270.36, 29.25, 49.12, 39.19,
1983,49, 0.071,268.05, 26.40, 49.52, 37.96,
1983,50, 0.062,265.98, 23.87, 49.83, 36.85,
1983,51, 0.054,264.02, 21.30, 50.55, 35.92,
1983,52, 0.048,261.98, 19.02, 53.83, 36.42,
